6.1102,17.593
5.5278,9.1303
8.5187,13.663
7.0033,11.855
5.8599,6.8234
8.383,11.887
7.4765,4.3484
8.5782,12.1
6.4863,6.5988
5.0547,3.8167
5.7108,3.2523
14.165,15.506
5.735,3.1552
8.4085,7.2259
5.6408,0.71619
5.3795,3.513
6.3655,5.3049
5.1302,0.56078
6.4297,3.6519
7.0709,5.3894
6.1892,3.1387
20.28,21.768
5.4902,4.264
6.3262,5.1876
5.565,3.0826
18.946,22.639
12.829,13.502
10.958,7.0468
13.177,14.693
22.204,24.148
5.2525,-1.21
6.5895,5.9967
9.2483,12.135
5.8919,1.8496
8.2112,6.5427
7.9335,4.5624
8.096,4.1165
5.6064,3.3929
12.837,10.118
6.3535,5.4975
5.407,0.55658
6.8826,3.9116
11.709,5.3855
5.7738,2.4407
7.8248,6.7319
7.0932,1.0464
5.0703,5.1338
5.8015,1.845
11.8,8.0044
5.5417,1.018
7.5403,6.7605
5.3078,1.8397
7.424,4.2886
7.6032,4.9982
6.3329,1.4234
6.359,-1.421
6.2743,2.4757
5.6398,4.6043
7,6
9.3103,3.9625
9.4537,5.4142
8.8255,5.1695
5.1794,-0.74279
21.28,17.93
14.909,12.055
18.96,17.055
7.2183,4.8853
8.2952,5.7443
10.237,7.7755
5.4995,1.0174
20.342,20.993
10.137,6.68
7.3346,4.026
6.0063,1.2785
7.226,3.3412
5.027,-2.6806
6.548,0.29679
7.5387,3.8846
5.0366,5.7015
10.275,6.7527
5.1078,2.0577
5.7293,0.47954
5.1885,0.20422
6.3558,0.67862
9.7688,7.5436
6.003,5.3437
5.5205,4.2416
5.0595,6.7982
5.7078,0.92696
7.6367,0.153
5.8708,2.8215
5.3055,1.987
8.2935,0.14455
13.395,9.0552
5.437,0.61706
